/Created by MAYAK while running HMF001   with    KENO code/

                            BY-GROUP BALANCE

 GRP     E-up        FLUX      CAPTURE     FISSION    (n,2n)    PRODUCT

   1   2.000E+07   2.181E-06  4.152E-08  1.860E-04  1.182E-04  9.512E-04
   2   1.862E+07   1.937E-05  4.771E-07  1.689E-03  9.138E-04  8.360E-03
   3   1.733E+07   3.636E-05  1.090E-06  3.280E-03  1.415E-03  1.570E-02
   4   1.613E+07   7.548E-05  2.985E-06  6.905E-03  2.485E-03  3.190E-02
   5   1.502E+07   1.896E-04  1.002E-05  1.722E-02  5.616E-03  7.682E-02
   6   1.398E+07   3.366E-04  2.388E-05  2.901E-02  1.028E-02  1.251E-01
   7   1.302E+07   6.843E-04  5.748E-05  5.451E-02  2.408E-02  2.277E-01
   8   1.212E+07   1.247E-03  1.106E-04  9.425E-02  4.813E-02  3.827E-01
   9   1.128E+07   2.210E-03  2.155E-04  1.670E-01  8.445E-02  6.602E-01
  10   1.050E+07   4.002E-03  4.219E-04  3.052E-01  1.433E-01  1.172E+00
  11   9.693E+06   6.654E-03  7.357E-04  5.134E-01  2.126E-01  1.916E+00
  12   8.949E+06   1.029E-02  1.149E-03  8.001E-01  2.821E-01  2.906E+00
  13   8.261E+06   1.516E-02  1.778E-03  1.161E+00  3.509E-01  4.106E+00
  14   7.627E+06   2.192E-02  2.695E-03  1.576E+00  4.338E-01  5.441E+00
  15   7.041E+06   3.090E-02  4.237E-03  1.965E+00  4.965E-01  6.611E+00
  16   6.500E+06   4.164E-02  6.877E-03  2.199E+00  3.904E-01  7.181E+00
  17   5.995E+06   5.355E-02  1.032E-02  2.468E+00  1.533E-01  7.838E+00
  18   5.529E+06   6.624E-02  1.542E-02  3.043E+00  6.117E-03  9.430E+00
  19   5.099E+06   7.965E-02  2.275E-02  3.740E+00  0.000E+00  1.133E+01
  20   4.703E+06   9.417E-02  3.394E-02  4.532E+00  0.000E+00  1.346E+01
  21   4.337E+06   1.075E-01  4.989E-02  5.261E+00  0.000E+00  1.536E+01
  22   4.000E+06   1.181E-01  7.116E-02  5.864E+00  0.000E+00  1.684E+01
  23   3.699E+06   1.295E-01  9.760E-02  6.512E+00  0.000E+00  1.846E+01
  24   3.420E+06   1.396E-01  1.352E-01  7.150E+00  0.000E+00  2.003E+01
  25   3.162E+06   1.473E-01  1.743E-01  7.683E+00  0.000E+00  2.130E+01
  26   2.924E+06   1.564E-01  2.208E-01  8.313E+00  0.000E+00  2.282E+01
  27   2.704E+06   1.607E-01  2.685E-01  8.692E+00  0.000E+00  2.363E+01
  28   2.500E+06   1.565E-01  3.067E-01  8.549E+00  0.000E+00  2.304E+01
  29   2.325E+06   1.607E-01  3.534E-01  8.853E+00  0.000E+00  2.368E+01
  30   2.163E+06   1.621E-01  4.011E-01  8.957E+00  0.000E+00  2.379E+01
  31   2.011E+06   1.653E-01  4.567E-01  9.109E+00  0.000E+00  2.405E+01
  32   1.871E+06   1.670E-01  5.108E-01  9.143E+00  0.000E+00  2.398E+01
  33   1.740E+06   1.685E-01  5.605E-01  9.132E+00  0.000E+00  2.383E+01
  34   1.618E+06   1.694E-01  6.065E-01  9.074E+00  0.000E+00  2.355E+01
  35   1.505E+06   1.702E-01  6.501E-01  8.989E+00  0.000E+00  2.321E+01
  36   1.400E+06   1.681E-01  6.935E-01  8.711E+00  0.000E+00  2.238E+01
  37   1.305E+06   1.675E-01  7.273E-01  8.580E+00  0.000E+00  2.196E+01
  38   1.217E+06   1.672E-01  7.584E-01  8.515E+00  0.000E+00  2.171E+01
  39   1.135E+06   1.657E-01  7.824E-01  8.413E+00  0.000E+00  2.138E+01
  40   1.058E+06   1.648E-01  8.085E-01  8.373E+00  0.000E+00  2.121E+01
  41   9.868E+05   1.643E-01  8.332E-01  8.231E+00  0.000E+00  2.080E+01
  42   9.201E+05   1.648E-01  8.592E-01  7.933E+00  0.000E+00  1.999E+01
  43   8.580E+05   1.658E-01  8.868E-01  7.835E+00  0.000E+00  1.969E+01
  44   8.000E+05   1.811E-01  1.006E+00  8.506E+00  0.000E+00  2.132E+01
  45   7.407E+05   1.827E-01  1.063E+00  8.600E+00  0.000E+00  2.150E+01
  46   6.858E+05   1.781E-01  1.085E+00  8.408E+00  0.000E+00  2.098E+01
  47   6.350E+05   1.758E-01  1.119E+00  8.314E+00  0.000E+00  2.071E+01
  48   5.879E+05   1.688E-01  1.124E+00  8.018E+00  0.000E+00  1.994E+01
  49   5.443E+05   1.634E-01  1.146E+00  7.837E+00  0.000E+00  1.946E+01
  50   5.040E+05   1.545E-01  1.139E+00  7.491E+00  0.000E+00  1.857E+01
  51   4.666E+05   1.493E-01  1.162E+00  7.370E+00  0.000E+00  1.825E+01
  52   4.320E+05   1.434E-01  1.182E+00  7.233E+00  0.000E+00  1.788E+01
  53   4.000E+05   1.382E-01  1.195E+00  7.018E+00  0.000E+00  1.733E+01
  54   3.703E+05   1.304E-01  1.177E+00  6.682E+00  0.000E+00  1.648E+01
  55   3.429E+05   1.220E-01  1.148E+00  6.295E+00  0.000E+00  1.551E+01
  56   3.175E+05   1.151E-01  1.124E+00  5.947E+00  0.000E+00  1.464E+01
  57   2.939E+05   1.077E-01  1.091E+00  5.591E+00  0.000E+00  1.375E+01
  58   2.722E+05   9.900E-02  1.060E+00  5.265E+00  0.000E+00  1.294E+01
  59   2.520E+05   9.336E-02  1.060E+00  5.110E+00  0.000E+00  1.255E+01
  60   2.333E+05   8.676E-02  1.030E+00  4.812E+00  0.000E+00  1.181E+01
  61   2.160E+05   8.019E-02  9.973E-01  4.514E+00  0.000E+00  1.107E+01
  62   2.000E+05   7.497E-02  9.764E-01  4.283E+00  0.000E+00  1.049E+01
  63   1.852E+05   6.933E-02  9.416E-01  4.024E+00  0.000E+00  9.851E+00
  64   1.714E+05   6.345E-02  8.969E-01  3.734E+00  0.000E+00  9.133E+00
  65   1.587E+05   5.802E-02  8.509E-01  3.451E+00  0.000E+00  8.438E+00
  66   1.470E+05   5.331E-02  8.130E-01  3.222E+00  0.000E+00  7.868E+00
  67   1.361E+05   4.827E-02  7.660E-01  2.970E+00  0.000E+00  7.247E+00
  68   1.260E+05   4.359E-02  7.212E-01  2.731E+00  0.000E+00  6.659E+00
  69   1.167E+05   3.927E-02  6.801E-01  2.512E+00  0.000E+00  6.118E+00
  70   1.080E+05   3.486E-02  6.325E-01  2.276E+00  0.000E+00  5.541E+00
  71   1.000E+05   2.715E-02  5.201E-01  1.801E+00  0.000E+00  4.379E+00
  72   9.380E+04   2.458E-02  4.631E-01  1.583E+00  0.000E+00  3.848E+00
  73   8.799E+04   2.248E-02  4.353E-01  1.472E+00  0.000E+00  3.575E+00
  74   8.254E+04   2.018E-02  4.129E-01  1.382E+00  0.000E+00  3.355E+00
  75   7.743E+04   1.816E-02  3.981E-01  1.318E+00  0.000E+00  3.199E+00
  76   7.263E+04   1.649E-02  3.600E-01  1.177E+00  0.000E+00  2.856E+00
  77   6.813E+04   1.515E-02  3.398E-01  1.101E+00  0.000E+00  2.670E+00
  78   6.391E+04   1.343E-02  3.114E-01  1.000E+00  0.000E+00  2.424E+00
  79   5.995E+04   1.228E-02  2.910E-01  9.262E-01  0.000E+00  2.245E+00
  80   5.623E+04   1.099E-02  2.717E-01  8.576E-01  0.000E+00  2.078E+00
  81   5.275E+04   1.031E-02  2.423E-01  7.558E-01  0.000E+00  1.831E+00
  82   4.948E+04   9.483E-03  2.336E-01  7.226E-01  0.000E+00  1.751E+00
  83   4.642E+04   8.415E-03  2.147E-01  6.550E-01  0.000E+00  1.587E+00
  84   4.354E+04   7.557E-03  2.033E-01  6.154E-01  0.000E+00  1.491E+00
  85   4.084E+04   6.828E-03  1.828E-01  5.483E-01  0.000E+00  1.329E+00
  86   3.831E+04   6.339E-03  1.718E-01  5.113E-01  0.000E+00  1.239E+00
  87   3.594E+04   5.550E-03  1.547E-01  4.574E-01  0.000E+00  1.109E+00
  88   3.371E+04   4.890E-03  1.470E-01  4.327E-01  0.000E+00  1.049E+00
  89   3.162E+04   4.545E-03  1.360E-01  3.976E-01  0.000E+00  9.643E-01
  90   2.966E+04   4.086E-03  1.272E-01  3.701E-01  0.000E+00  8.975E-01
  91   2.783E+04   3.678E-03  1.125E-01  3.255E-01  0.000E+00  7.897E-01
  92   2.610E+04   3.237E-03  1.020E-01  2.940E-01  0.000E+00  7.135E-01
  93   2.448E+04   2.912E-03  9.362E-02  2.684E-01  0.000E+00  6.515E-01
  94   2.297E+04   2.524E-03  8.868E-02  2.537E-01  0.000E+00  6.159E-01
  95   2.154E+04   2.434E-03  7.955E-02  2.244E-01  0.000E+00  5.448E-01
  96   2.021E+04   2.229E-03  7.944E-02  2.240E-01  0.000E+00  5.440E-01
  97   1.896E+04   1.973E-03  7.403E-02  2.087E-01  0.000E+00  5.069E-01
  98   1.778E+04   1.839E-03  6.477E-02  1.815E-01  0.000E+00  4.411E-01
  99   1.668E+04   1.696E-03  6.186E-02  1.732E-01  0.000E+00  4.209E-01
 100   1.565E+04   1.465E-03  5.605E-02  1.568E-01  0.000E+00  3.809E-01
 101   1.468E+04   1.324E-03  5.307E-02  1.480E-01  0.000E+00  3.599E-01
 102   1.377E+04   1.177E-03  5.007E-02  1.394E-01  0.000E+00  3.390E-01
 103   1.292E+04   1.121E-03  4.374E-02  1.209E-01  0.000E+00  2.939E-01
 104   1.212E+04   1.025E-03  4.248E-02  1.170E-01  0.000E+00  2.845E-01
 105   1.136E+04   9.561E-04  4.226E-02  1.162E-01  0.000E+00  2.826E-01
 106   1.066E+04   1.197E-03  5.185E-02  1.417E-01  0.000E+00  3.447E-01
 107   1.000E+04   4.092E-04  1.907E-02  5.062E-02  0.000E+00  1.231E-01
 108   9.380E+03   2.075E-04  1.054E-02  2.602E-02  0.000E+00  6.328E-02
 109   8.799E+03   1.684E-04  9.480E-03  2.105E-02  0.000E+00  5.119E-02
 110   8.254E+03   1.158E-04  5.787E-03  1.358E-02  0.000E+00  3.303E-02
 111   7.743E+03   1.331E-04  6.556E-03  1.717E-02  0.000E+00  4.176E-02
 112   7.263E+03   9.918E-05  5.287E-03  1.364E-02  0.000E+00  3.318E-02
 113   6.813E+03   1.241E-04  6.482E-03  1.618E-02  0.000E+00  3.936E-02
 114   6.391E+03   9.138E-05  4.791E-03  1.214E-02  0.000E+00  2.953E-02
 115   5.995E+03   7.122E-05  3.902E-03  1.097E-02  0.000E+00  2.669E-02
 116   5.623E+03   6.003E-05  3.195E-03  9.704E-03  0.000E+00  2.360E-02
 117   5.275E+03   7.260E-05  3.691E-03  1.107E-02  0.000E+00  2.693E-02
 118   4.948E+03   5.790E-05  3.016E-03  8.889E-03  0.000E+00  2.162E-02
 119   4.642E+03   5.238E-05  3.006E-03  8.797E-03  0.000E+00  2.139E-02
 120   4.354E+03   4.884E-05  2.979E-03  8.613E-03  0.000E+00  2.095E-02
 121   4.084E+03   3.744E-05  2.316E-03  6.641E-03  0.000E+00  1.615E-02
 122   3.831E+03   3.240E-05  2.072E-03  5.915E-03  0.000E+00  1.439E-02
 123   3.594E+03   2.858E-05  1.878E-03  5.301E-03  0.000E+00  1.289E-02
 124   3.371E+03   1.469E-05  1.015E-03  2.817E-03  0.000E+00  6.850E-03
 125   3.162E+03   2.479E-05  1.624E-03  4.533E-03  0.000E+00  1.102E-02
 126   2.966E+03   2.949E-05  2.020E-03  5.612E-03  0.000E+00  1.365E-02
 127   2.783E+03   1.620E-05  1.135E-03  3.127E-03  0.000E+00  7.606E-03
 128   2.610E+03   1.594E-05  1.232E-03  3.396E-03  0.000E+00  8.259E-03
 129   2.448E+03   1.425E-05  1.082E-03  2.943E-03  0.000E+00  7.157E-03
 130   2.297E+03   1.409E-05  1.143E-03  2.766E-03  0.000E+00  6.727E-03
 131   2.154E+03   1.461E-05  1.948E-03  2.757E-03  0.000E+00  6.706E-03
 132   2.021E+03   8.229E-06  8.641E-04  1.971E-03  0.000E+00  4.794E-03
 133   1.896E+03   9.816E-06  9.626E-04  2.276E-03  0.000E+00  5.536E-03
 134   1.778E+03   8.142E-06  9.239E-04  1.920E-03  0.000E+00  4.670E-03
 135   1.668E+03   6.957E-06  8.187E-04  1.573E-03  0.000E+00  3.825E-03
 136   1.565E+03   6.225E-06  6.845E-04  1.058E-03  0.000E+00  2.573E-03
 137   1.468E+03   7.926E-06  7.950E-04  2.105E-03  0.000E+00  5.120E-03
 138   1.377E+03   5.718E-06  6.240E-04  1.594E-03  0.000E+00  3.876E-03
 139   1.292E+03   2.383E-06  2.618E-04  6.107E-04  0.000E+00  1.485E-03
 140   1.212E+03   3.309E-06  3.887E-04  1.123E-03  0.000E+00  2.731E-03
 141   1.136E+03   2.493E-06  3.757E-04  7.815E-04  0.000E+00  1.901E-03
 142   1.066E+03   3.750E-06  6.917E-04  9.455E-04  0.000E+00  2.299E-03
 143   1.000E+03   3.057E-06  3.595E-04  6.921E-04  0.000E+00  1.683E-03
 144   9.380E+02   1.428E-06  2.229E-04  4.115E-04  0.000E+00  1.001E-03
 145   8.799E+02   1.525E-06  2.002E-04  3.924E-04  0.000E+00  9.543E-04
 146   8.254E+02   1.670E-06  2.758E-04  5.692E-04  0.000E+00  1.384E-03
 147   7.743E+02   3.747E-07  5.560E-05  1.417E-04  0.000E+00  3.446E-04
 148   7.263E+02   9.042E-07  9.307E-05  3.081E-04  0.000E+00  7.494E-04
 149   6.813E+02   3.213E-06  3.828E-04  1.244E-03  0.000E+00  3.026E-03
 150   6.391E+02   1.316E-06  2.102E-04  4.588E-04  0.000E+00  1.116E-03
 151   5.995E+02   6.456E-07  9.206E-05  3.198E-04  0.000E+00  7.778E-04
 152   5.623E+02   8.583E-07  1.401E-04  3.495E-04  0.000E+00  8.499E-04
 153   5.275E+02   1.528E-06  2.702E-04  7.783E-04  0.000E+00  1.893E-03
 154   4.948E+02   2.107E-07  2.275E-05  8.219E-05  0.000E+00  1.999E-04
 155   4.642E+02   0.000E+00  0.000E+00  0.000E+00  0.000E+00  0.000E+00
 156   4.354E+02   3.018E-07  3.885E-05  1.362E-04  0.000E+00  3.311E-04
 157   4.084E+02   7.101E-07  8.555E-05  2.301E-04  0.000E+00  5.596E-04
 158   3.831E+02   5.064E-07  8.047E-05  1.741E-04  0.000E+00  4.235E-04
 159   3.594E+02   9.516E-07  1.892E-04  4.291E-04  0.000E+00  1.044E-03
 160   3.371E+02   2.651E-07  5.686E-05  1.248E-04  0.000E+00  3.035E-04
 161   3.162E+02   1.363E-07  2.240E-05  4.645E-05  0.000E+00  1.130E-04
 162   2.966E+02   7.611E-07  6.327E-05  3.078E-04  0.000E+00  7.486E-04
 163   2.783E+02   2.193E-07  5.571E-05  1.768E-04  0.000E+00  4.300E-04
 164   2.610E+02   0.000E+00  0.000E+00  0.000E+00  0.000E+00  0.000E+00
 165   2.448E+02   0.000E+00  0.000E+00  0.000E+00  0.000E+00  0.000E+00
 166   2.297E+02   0.000E+00  0.000E+00  0.000E+00  0.000E+00  0.000E+00
 167   2.154E+02   5.637E-07  1.548E-04  2.483E-04  0.000E+00  6.039E-04
 168   2.021E+02   0.000E+00  0.000E+00  0.000E+00  0.000E+00  0.000E+00
 169   1.896E+02   3.093E-07  8.167E-05  1.219E-04  0.000E+00  2.965E-04
 170   1.778E+02   2.770E-07  4.794E-05  1.883E-04  0.000E+00  4.578E-04
 171   1.668E+02   5.127E-08  1.647E-05  2.765E-05  0.000E+00  6.724E-05
 172   1.565E+02   1.027E-07  2.460E-05  5.142E-05  0.000E+00  1.251E-04
 173   1.468E+02   0.000E+00  0.000E+00  0.000E+00  0.000E+00  0.000E+00
 174   1.377E+02   2.493E-08  8.991E-06  2.044E-05  0.000E+00  4.970E-05
 175   1.292E+02   0.000E+00  0.000E+00  0.000E+00  0.000E+00  0.000E+00
 176   1.212E+02   0.000E+00  0.000E+00  0.000E+00  0.000E+00  0.000E+00
 177   1.136E+02   0.000E+00  0.000E+00  0.000E+00  0.000E+00  0.000E+00
 178   1.066E+02   0.000E+00  0.000E+00  0.000E+00  0.000E+00  0.000E+00
 179   1.000E+02   0.000E+00  0.000E+00  0.000E+00  0.000E+00  0.000E+00
 180   9.380E+01   0.000E+00  0.000E+00  0.000E+00  0.000E+00  0.000E+00
 181   8.799E+01   0.000E+00  0.000E+00  0.000E+00  0.000E+00  0.000E+00
 182   8.254E+01   0.000E+00  0.000E+00  0.000E+00  0.000E+00  0.000E+00
 183   7.743E+01   0.000E+00  0.000E+00  0.000E+00  0.000E+00  0.000E+00
 184   7.263E+01   0.000E+00  0.000E+00  0.000E+00  0.000E+00  0.000E+00
 185   6.813E+01   0.000E+00  0.000E+00  0.000E+00  0.000E+00  0.000E+00
 186   6.391E+01   0.000E+00  0.000E+00  0.000E+00  0.000E+00  0.000E+00
 187   5.995E+01   0.000E+00  0.000E+00  0.000E+00  0.000E+00  0.000E+00
 188   5.623E+01   0.000E+00  0.000E+00  0.000E+00  0.000E+00  0.000E+00
 189   5.275E+01   0.000E+00  0.000E+00  0.000E+00  0.000E+00  0.000E+00
 190   4.948E+01   0.000E+00  0.000E+00  0.000E+00  0.000E+00  0.000E+00
 191   4.642E+01   0.000E+00  0.000E+00  0.000E+00  0.000E+00  0.000E+00
 192   4.354E+01   0.000E+00  0.000E+00  0.000E+00  0.000E+00  0.000E+00
 193   4.084E+01   0.000E+00  0.000E+00  0.000E+00  0.000E+00  0.000E+00
 194   3.831E+01   0.000E+00  0.000E+00  0.000E+00  0.000E+00  0.000E+00
 195   3.594E+01   0.000E+00  0.000E+00  0.000E+00  0.000E+00  0.000E+00
 196   3.371E+01   0.000E+00  0.000E+00  0.000E+00  0.000E+00  0.000E+00
 197   3.162E+01   0.000E+00  0.000E+00  0.000E+00  0.000E+00  0.000E+00
 198   2.966E+01   0.000E+00  0.000E+00  0.000E+00  0.000E+00  0.000E+00
 199   2.783E+01   0.000E+00  0.000E+00  0.000E+00  0.000E+00  0.000E+00
 200   2.610E+01   0.000E+00  0.000E+00  0.000E+00  0.000E+00  0.000E+00
 201   2.448E+01   0.000E+00  0.000E+00  0.000E+00  0.000E+00  0.000E+00
 202   2.297E+01   0.000E+00  0.000E+00  0.000E+00  0.000E+00  0.000E+00
 203   2.154E+01   0.000E+00  0.000E+00  0.000E+00  0.000E+00  0.000E+00
 204   2.021E+01   0.000E+00  0.000E+00  0.000E+00  0.000E+00  0.000E+00
 205   1.896E+01   0.000E+00  0.000E+00  0.000E+00  0.000E+00  0.000E+00
 206   1.778E+01   0.000E+00  0.000E+00  0.000E+00  0.000E+00  0.000E+00
 207   1.668E+01   0.000E+00  0.000E+00  0.000E+00  0.000E+00  0.000E+00
 208   1.565E+01   0.000E+00  0.000E+00  0.000E+00  0.000E+00  0.000E+00
 209   1.468E+01   0.000E+00  0.000E+00  0.000E+00  0.000E+00  0.000E+00
 210   1.377E+01   0.000E+00  0.000E+00  0.000E+00  0.000E+00  0.000E+00
 211   1.292E+01   0.000E+00  0.000E+00  0.000E+00  0.000E+00  0.000E+00
 212   1.212E+01   0.000E+00  0.000E+00  0.000E+00  0.000E+00  0.000E+00
 213   1.136E+01   0.000E+00  0.000E+00  0.000E+00  0.000E+00  0.000E+00
 214   1.066E+01   0.000E+00  0.000E+00  0.000E+00  0.000E+00  0.000E+00
 215   1.000E+01   0.000E+00  0.000E+00  0.000E+00  0.000E+00  0.000E+00
 216   9.380E+00   0.000E+00  0.000E+00  0.000E+00  0.000E+00  0.000E+00
 217   8.799E+00   0.000E+00  0.000E+00  0.000E+00  0.000E+00  0.000E+00
 218   8.254E+00   0.000E+00  0.000E+00  0.000E+00  0.000E+00  0.000E+00
 219   7.743E+00   0.000E+00  0.000E+00  0.000E+00  0.000E+00  0.000E+00
 220   7.263E+00   0.000E+00  0.000E+00  0.000E+00  0.000E+00  0.000E+00
 221   6.813E+00   0.000E+00  0.000E+00  0.000E+00  0.000E+00  0.000E+00
 222   6.391E+00   0.000E+00  0.000E+00  0.000E+00  0.000E+00  0.000E+00
 223   5.995E+00   0.000E+00  0.000E+00  0.000E+00  0.000E+00  0.000E+00
 224   5.623E+00   0.000E+00  0.000E+00  0.000E+00  0.000E+00  0.000E+00
 225   5.275E+00   0.000E+00  0.000E+00  0.000E+00  0.000E+00  0.000E+00
 226   4.948E+00   0.000E+00  0.000E+00  0.000E+00  0.000E+00  0.000E+00
 227   4.642E+00   0.000E+00  0.000E+00  0.000E+00  0.000E+00  0.000E+00
 228   4.354E+00   0.000E+00  0.000E+00  0.000E+00  0.000E+00  0.000E+00
 229   4.084E+00   0.000E+00  0.000E+00  0.000E+00  0.000E+00  0.000E+00
 230   3.831E+00   0.000E+00  0.000E+00  0.000E+00  0.000E+00  0.000E+00
 231   3.594E+00   0.000E+00  0.000E+00  0.000E+00  0.000E+00  0.000E+00
 232   3.371E+00   0.000E+00  0.000E+00  0.000E+00  0.000E+00  0.000E+00
 233   3.162E+00   0.000E+00  0.000E+00  0.000E+00  0.000E+00  0.000E+00
 234   2.966E+00   0.000E+00  0.000E+00  0.000E+00  0.000E+00  0.000E+00
 235   2.783E+00   0.000E+00  0.000E+00  0.000E+00  0.000E+00  0.000E+00
 236   2.610E+00   0.000E+00  0.000E+00  0.000E+00  0.000E+00  0.000E+00
 237   2.448E+00   0.000E+00  0.000E+00  0.000E+00  0.000E+00  0.000E+00
 238   2.297E+00   0.000E+00  0.000E+00  0.000E+00  0.000E+00  0.000E+00
 239   2.154E+00   0.000E+00  0.000E+00  0.000E+00  0.000E+00  0.000E+00
 240   2.021E+00   0.000E+00  0.000E+00  0.000E+00  0.000E+00  0.000E+00
 241   1.896E+00   0.000E+00  0.000E+00  0.000E+00  0.000E+00  0.000E+00
 242   1.778E+00   0.000E+00  0.000E+00  0.000E+00  0.000E+00  0.000E+00
 243   1.668E+00   0.000E+00  0.000E+00  0.000E+00  0.000E+00  0.000E+00
 244   1.565E+00   0.000E+00  0.000E+00  0.000E+00  0.000E+00  0.000E+00
 245   1.468E+00   0.000E+00  0.000E+00  0.000E+00  0.000E+00  0.000E+00
 246   1.377E+00   0.000E+00  0.000E+00  0.000E+00  0.000E+00  0.000E+00
 247   1.292E+00   0.000E+00  0.000E+00  0.000E+00  0.000E+00  0.000E+00
 248   1.212E+00   0.000E+00  0.000E+00  0.000E+00  0.000E+00  0.000E+00
 249   1.136E+00   0.000E+00  0.000E+00  0.000E+00  0.000E+00  0.000E+00
 250   1.066E+00   0.000E+00  0.000E+00  0.000E+00  0.000E+00  0.000E+00
 251   1.000E+00   0.000E+00  0.000E+00  0.000E+00  0.000E+00  0.000E+00
 252   9.380E-01   0.000E+00  0.000E+00  0.000E+00  0.000E+00  0.000E+00
 253   8.799E-01   0.000E+00  0.000E+00  0.000E+00  0.000E+00  0.000E+00
 254   8.254E-01   0.000E+00  0.000E+00  0.000E+00  0.000E+00  0.000E+00
 255   7.743E-01   0.000E+00  0.000E+00  0.000E+00  0.000E+00  0.000E+00
 256   7.263E-01   0.000E+00  0.000E+00  0.000E+00  0.000E+00  0.000E+00
 257   6.813E-01   0.000E+00  0.000E+00  0.000E+00  0.000E+00  0.000E+00
 258   6.391E-01   0.000E+00  0.000E+00  0.000E+00  0.000E+00  0.000E+00
 259   5.995E-01   0.000E+00  0.000E+00  0.000E+00  0.000E+00  0.000E+00
 260   5.623E-01   0.000E+00  0.000E+00  0.000E+00  0.000E+00  0.000E+00
 261   5.275E-01   0.000E+00  0.000E+00  0.000E+00  0.000E+00  0.000E+00
 262   4.948E-01   0.000E+00  0.000E+00  0.000E+00  0.000E+00  0.000E+00
 263   4.642E-01   0.000E+00  0.000E+00  0.000E+00  0.000E+00  0.000E+00
 264   4.354E-01   0.000E+00  0.000E+00  0.000E+00  0.000E+00  0.000E+00
 265   4.084E-01   0.000E+00  0.000E+00  0.000E+00  0.000E+00  0.000E+00
 266   3.831E-01   0.000E+00  0.000E+00  0.000E+00  0.000E+00  0.000E+00
 267   3.594E-01   0.000E+00  0.000E+00  0.000E+00  0.000E+00  0.000E+00
 268   3.371E-01   0.000E+00  0.000E+00  0.000E+00  0.000E+00  0.000E+00
 269   3.162E-01   0.000E+00  0.000E+00  0.000E+00  0.000E+00  0.000E+00
 270   2.966E-01   0.000E+00  0.000E+00  0.000E+00  0.000E+00  0.000E+00
 271   2.783E-01   0.000E+00  0.000E+00  0.000E+00  0.000E+00  0.000E+00
 272   2.610E-01   0.000E+00  0.000E+00  0.000E+00  0.000E+00  0.000E+00
 273   2.448E-01   0.000E+00  0.000E+00  0.000E+00  0.000E+00  0.000E+00
 274   2.297E-01   0.000E+00  0.000E+00  0.000E+00  0.000E+00  0.000E+00
 275   2.154E-01   0.000E+00  0.000E+00  0.000E+00  0.000E+00  0.000E+00
 276   1.896E-01   0.000E+00  0.000E+00  0.000E+00  0.000E+00  0.000E+00
 277   1.668E-01   0.000E+00  0.000E+00  0.000E+00  0.000E+00  0.000E+00
 278   1.468E-01   0.000E+00  0.000E+00  0.000E+00  0.000E+00  0.000E+00
 279   1.292E-01   0.000E+00  0.000E+00  0.000E+00  0.000E+00  0.000E+00
 280   1.136E-01   0.000E+00  0.000E+00  0.000E+00  0.000E+00  0.000E+00
 281   1.000E-01   0.000E+00  0.000E+00  0.000E+00  0.000E+00  0.000E+00
 282   8.254E-02   0.000E+00  0.000E+00  0.000E+00  0.000E+00  0.000E+00
 283   6.813E-02   0.000E+00  0.000E+00  0.000E+00  0.000E+00  0.000E+00
 284   5.623E-02   0.000E+00  0.000E+00  0.000E+00  0.000E+00  0.000E+00
 285   4.642E-02   0.000E+00  0.000E+00  0.000E+00  0.000E+00  0.000E+00
 286   3.831E-02   0.000E+00  0.000E+00  0.000E+00  0.000E+00  0.000E+00
 287   3.162E-02   0.000E+00  0.000E+00  0.000E+00  0.000E+00  0.000E+00
 288   2.610E-02   0.000E+00  0.000E+00  0.000E+00  0.000E+00  0.000E+00
 289   2.154E-02   0.000E+00  0.000E+00  0.000E+00  0.000E+00  0.000E+00
 290   1.778E-02   0.000E+00  0.000E+00  0.000E+00  0.000E+00  0.000E+00
 291   1.468E-02   0.000E+00  0.000E+00  0.000E+00  0.000E+00  0.000E+00
 292   1.212E-02   0.000E+00  0.000E+00  0.000E+00  0.000E+00  0.000E+00
 293   1.000E-02   0.000E+00  0.000E+00  0.000E+00  0.000E+00  0.000E+00
 294   6.813E-03   0.000E+00  0.000E+00  0.000E+00  0.000E+00  0.000E+00
 295   4.642E-03   0.000E+00  0.000E+00  0.000E+00  0.000E+00  0.000E+00
 296   3.162E-03   0.000E+00  0.000E+00  0.000E+00  0.000E+00  0.000E+00
 297   2.154E-03   0.000E+00  0.000E+00  0.000E+00  0.000E+00  0.000E+00
 298   1.000E-03   0.000E+00  0.000E+00  0.000E+00  0.000E+00  0.000E+00
 299   1.000E-04   0.000E+00  0.000E+00  0.000E+00  0.000E+00  0.000E+00

 TOTAL             7.273E-03  4.533E-02  3.842E-01  2.646E-03  9.978E-01

/end of file/
