/Created by MAYAK while running BIG-10H  with    KENO code/

                            BY-GROUP BALANCE

 GRP     E-up        FLUX      CAPTURE     FISSION    (n,2n)    PRODUCT

   1   2.000E+07   1.290E-08  1.516E-08  2.772E-05  4.757E-05  1.447E-04
   2   1.862E+07   4.612E-07  9.337E-07  9.421E-04  1.638E-03  4.737E-03
   3   1.733E+07   1.755E-06  4.800E-06  3.637E-03  5.827E-03  1.763E-02
   4   1.613E+07   3.358E-06  1.162E-05  6.924E-03  1.023E-02  3.239E-02
   5   1.502E+07   6.748E-06  2.649E-05  1.336E-02  1.889E-02  6.048E-02
   6   1.398E+07   1.356E-05  5.598E-05  2.485E-02  3.504E-02  1.087E-01
   7   1.302E+07   2.672E-05  1.190E-04  4.533E-02  6.410E-02  1.915E-01
   8   1.212E+07   5.264E-05  2.499E-04  8.685E-02  1.172E-01  3.558E-01
   9   1.128E+07   8.868E-05  4.484E-04  1.455E-01  1.902E-01  5.795E-01
  10   1.050E+07   1.698E-04  9.341E-04  2.804E-01  3.517E-01  1.084E+00
  11   9.693E+06   2.687E-04  1.632E-03  4.497E-01  5.294E-01  1.686E+00
  12   8.949E+06   4.404E-04  2.981E-03  7.496E-01  7.873E-01  2.731E+00
  13   8.261E+06   6.512E-04  4.961E-03  1.107E+00  9.733E-01  3.928E+00
  14   7.627E+06   9.428E-04  7.983E-03  1.509E+00  9.835E-01  5.231E+00
  15   7.041E+06   1.300E-03  1.234E-02  1.820E+00  6.201E-01  6.171E+00
  16   6.500E+06   1.762E-03  1.884E-02  2.020E+00  1.215E-01  6.699E+00
  17   5.995E+06   2.225E-03  2.710E-02  2.195E+00  2.354E-02  7.116E+00
  18   5.529E+06   2.731E-03  3.744E-02  2.568E+00  9.319E-04  8.142E+00
  19   5.099E+06   3.234E-03  4.989E-02  3.035E+00  0.000E+00  9.417E+00
  20   4.703E+06   3.721E-03  6.614E-02  3.525E+00  0.000E+00  1.070E+01
  21   4.337E+06   4.224E-03  8.428E-02  4.050E+00  0.000E+00  1.205E+01
  22   4.000E+06   4.564E-03  1.029E-01  4.372E+00  0.000E+00  1.276E+01
  23   3.699E+06   4.976E-03  1.266E-01  4.692E+00  0.000E+00  1.347E+01
  24   3.420E+06   5.396E-03  1.580E-01  5.008E+00  0.000E+00  1.415E+01
  25   3.162E+06   5.772E-03  1.912E-01  5.323E+00  0.000E+00  1.483E+01
  26   2.924E+06   6.136E-03  2.304E-01  5.693E+00  0.000E+00  1.568E+01
  27   2.704E+06   6.476E-03  2.780E-01  6.092E+00  0.000E+00  1.662E+01
  28   2.500E+06   6.340E-03  3.097E-01  6.021E+00  0.000E+00  1.627E+01
  29   2.325E+06   6.624E-03  3.642E-01  6.280E+00  0.000E+00  1.684E+01
  30   2.163E+06   6.936E-03  4.315E-01  6.499E+00  0.000E+00  1.730E+01
  31   2.011E+06   7.232E-03  5.096E-01  6.622E+00  0.000E+00  1.751E+01
  32   1.871E+06   7.628E-03  6.091E-01  6.628E+00  0.000E+00  1.742E+01
  33   1.740E+06   8.092E-03  7.313E-01  6.502E+00  0.000E+00  1.699E+01
  34   1.618E+06   8.620E-03  8.860E-01  6.287E+00  0.000E+00  1.634E+01
  35   1.505E+06   9.292E-03  1.084E+00  5.566E+00  0.000E+00  1.440E+01
  36   1.400E+06   9.956E-03  1.309E+00  3.686E+00  0.000E+00  9.483E+00
  37   1.305E+06   1.085E-02  1.582E+00  2.942E+00  0.000E+00  7.536E+00
  38   1.217E+06   1.180E-02  1.892E+00  2.927E+00  0.000E+00  7.466E+00
  39   1.135E+06   1.316E-02  2.284E+00  3.025E+00  0.000E+00  7.690E+00
  40   1.058E+06   1.430E-02  2.599E+00  3.051E+00  0.000E+00  7.732E+00
  41   9.868E+05   1.554E-02  2.888E+00  3.253E+00  0.000E+00  8.222E+00
  42   9.201E+05   1.697E-02  3.191E+00  3.306E+00  0.000E+00  8.331E+00
  43   8.580E+05   1.848E-02  3.499E+00  3.386E+00  0.000E+00  8.509E+00
  44   8.000E+05   2.253E-02  4.293E+00  4.016E+00  0.000E+00  1.007E+01
  45   7.407E+05   2.575E-02  4.928E+00  4.547E+00  0.000E+00  1.137E+01
  46   6.858E+05   2.847E-02  5.414E+00  5.017E+00  0.000E+00  1.252E+01
  47   6.350E+05   3.045E-02  5.678E+00  5.356E+00  0.000E+00  1.334E+01
  48   5.879E+05   3.229E-02  5.896E+00  5.691E+00  0.000E+00  1.415E+01
  49   5.443E+05   3.379E-02  6.079E+00  6.010E+00  0.000E+00  1.492E+01
  50   5.040E+05   3.489E-02  6.241E+00  6.267E+00  0.000E+00  1.553E+01
  51   4.666E+05   3.560E-02  6.392E+00  6.506E+00  0.000E+00  1.611E+01
  52   4.320E+05   3.617E-02  6.552E+00  6.755E+00  0.000E+00  1.670E+01
  53   4.000E+05   3.674E-02  6.740E+00  6.903E+00  0.000E+00  1.705E+01
  54   3.703E+05   3.670E-02  6.846E+00  6.961E+00  0.000E+00  1.717E+01
  55   3.429E+05   3.670E-02  7.009E+00  7.001E+00  0.000E+00  1.725E+01
  56   3.175E+05   3.633E-02  7.106E+00  6.942E+00  0.000E+00  1.709E+01
  57   2.939E+05   3.584E-02  7.158E+00  6.882E+00  0.000E+00  1.693E+01
  58   2.722E+05   3.511E-02  7.217E+00  6.904E+00  0.000E+00  1.697E+01
  59   2.520E+05   3.416E-02  7.265E+00  6.914E+00  0.000E+00  1.698E+01
  60   2.333E+05   3.329E-02  7.304E+00  6.826E+00  0.000E+00  1.675E+01
  61   2.160E+05   3.229E-02  7.273E+00  6.722E+00  0.000E+00  1.648E+01
  62   2.000E+05   3.150E-02  7.246E+00  6.654E+00  0.000E+00  1.630E+01
  63   1.852E+05   3.054E-02  7.231E+00  6.556E+00  0.000E+00  1.605E+01
  64   1.714E+05   2.913E-02  7.089E+00  6.334E+00  0.000E+00  1.549E+01
  65   1.587E+05   2.791E-02  6.999E+00  6.135E+00  0.000E+00  1.500E+01
  66   1.470E+05   2.659E-02  6.885E+00  5.939E+00  0.000E+00  1.450E+01
  67   1.361E+05   2.525E-02  6.757E+00  5.741E+00  0.000E+00  1.401E+01
  68   1.260E+05   2.402E-02  6.657E+00  5.561E+00  0.000E+00  1.356E+01
  69   1.167E+05   2.270E-02  6.544E+00  5.366E+00  0.000E+00  1.307E+01
  70   1.080E+05   2.058E-02  6.181E+00  4.967E+00  0.000E+00  1.209E+01
  71   1.000E+05   1.732E-02  5.449E+00  4.243E+00  0.000E+00  1.032E+01
  72   9.380E+04   1.637E-02  5.319E+00  3.897E+00  0.000E+00  9.469E+00
  73   8.799E+04   1.540E-02  5.202E+00  3.726E+00  0.000E+00  9.050E+00
  74   8.254E+04   1.471E-02  5.185E+00  3.722E+00  0.000E+00  9.036E+00
  75   7.743E+04   1.384E-02  5.150E+00  3.712E+00  0.000E+00  9.010E+00
  76   7.263E+04   1.322E-02  5.106E+00  3.488E+00  0.000E+00  8.462E+00
  77   6.813E+04   1.256E-02  5.105E+00  3.372E+00  0.000E+00  8.176E+00
  78   6.391E+04   1.181E-02  5.040E+00  3.248E+00  0.000E+00  7.874E+00
  79   5.995E+04   1.120E-02  5.040E+00  3.122E+00  0.000E+00  7.567E+00
  80   5.623E+04   1.066E-02  5.100E+00  3.074E+00  0.000E+00  7.448E+00
  81   5.275E+04   1.023E-02  5.083E+00  2.773E+00  0.000E+00  6.718E+00
  82   4.948E+04   9.796E-03  5.178E+00  2.758E+00  0.000E+00  6.683E+00
  83   4.642E+04   9.408E-03  5.385E+00  2.706E+00  0.000E+00  6.557E+00
  84   4.354E+04   8.756E-03  5.320E+00  2.635E+00  0.000E+00  6.385E+00
  85   4.084E+04   8.084E-03  4.989E+00  2.399E+00  0.000E+00  5.813E+00
  86   3.831E+04   7.340E-03  4.625E+00  2.188E+00  0.000E+00  5.301E+00
  87   3.594E+04   6.656E-03  4.290E+00  2.027E+00  0.000E+00  4.914E+00
  88   3.371E+04   6.008E-03  4.005E+00  1.964E+00  0.000E+00  4.762E+00
  89   3.162E+04   5.396E-03  3.655E+00  1.745E+00  0.000E+00  4.231E+00
  90   2.966E+04   4.828E-03  3.352E+00  1.616E+00  0.000E+00  3.919E+00
  91   2.783E+04   4.300E-03  3.029E+00  1.406E+00  0.000E+00  3.412E+00
  92   2.610E+04   3.840E-03  2.762E+00  1.289E+00  0.000E+00  3.127E+00
  93   2.448E+04   3.389E-03  2.496E+00  1.154E+00  0.000E+00  2.801E+00
  94   2.297E+04   2.994E-03  2.281E+00  1.112E+00  0.000E+00  2.700E+00
  95   2.154E+04   2.654E-03  2.034E+00  9.070E-01  0.000E+00  2.202E+00
  96   2.021E+04   2.352E-03  1.860E+00  8.766E-01  0.000E+00  2.129E+00
  97   1.896E+04   2.051E-03  1.670E+00  8.058E-01  0.000E+00  1.957E+00
  98   1.778E+04   1.795E-03  1.475E+00  6.587E-01  0.000E+00  1.601E+00
  99   1.668E+04   1.575E-03  1.330E+00  5.981E-01  0.000E+00  1.453E+00
 100   1.565E+04   1.390E-03  1.206E+00  5.533E-01  0.000E+00  1.344E+00
 101   1.468E+04   1.226E-03  1.090E+00  5.108E-01  0.000E+00  1.242E+00
 102   1.377E+04   1.070E-03  9.743E-01  4.728E-01  0.000E+00  1.149E+00
 103   1.292E+04   9.632E-04  8.743E-01  3.883E-01  0.000E+00  9.439E-01
 104   1.212E+04   8.684E-04  8.082E-01  3.715E-01  0.000E+00  9.030E-01
 105   1.136E+04   7.712E-04  7.360E-01  3.518E-01  0.000E+00  8.556E-01
 106   1.066E+04   1.694E-03  1.632E+00  7.551E-01  0.000E+00  1.836E+00
 107   1.000E+04   1.074E-03  1.064E+00  5.011E-01  0.000E+00  1.219E+00
 108   9.380E+03   6.724E-04  6.880E-01  3.190E-01  0.000E+00  7.758E-01
 109   8.799E+03   4.276E-04  4.535E-01  2.027E-01  0.000E+00  4.929E-01
 110   8.254E+03   2.753E-04  2.911E-01  1.227E-01  0.000E+00  2.985E-01
 111   7.743E+03   1.799E-04  1.933E-01  8.854E-02  0.000E+00  2.153E-01
 112   7.263E+03   1.170E-04  1.300E-01  6.165E-02  0.000E+00  1.499E-01
 113   6.813E+03   7.964E-05  8.899E-02  3.989E-02  0.000E+00  9.700E-02
 114   6.391E+03   5.496E-05  6.115E-02  2.810E-02  0.000E+00  6.835E-02
 115   5.995E+03   3.750E-05  4.191E-02  2.233E-02  0.000E+00  5.432E-02
 116   5.623E+03   2.578E-05  2.874E-02  1.617E-02  0.000E+00  3.934E-02
 117   5.275E+03   1.973E-05  2.187E-02  1.170E-02  0.000E+00  2.846E-02
 118   4.948E+03   1.600E-05  1.765E-02  9.594E-03  0.000E+00  2.333E-02
 119   4.642E+03   1.089E-05  1.146E-02  7.179E-03  0.000E+00  1.746E-02
 120   4.354E+03   7.860E-06  9.184E-03  5.474E-03  0.000E+00  1.331E-02
 121   4.084E+03   6.620E-06  7.577E-03  4.651E-03  0.000E+00  1.131E-02
 122   3.831E+03   5.392E-06  6.098E-03  3.919E-03  0.000E+00  9.531E-03
 123   3.594E+03   5.756E-06  6.921E-03  4.264E-03  0.000E+00  1.037E-02
 124   3.371E+03   4.180E-06  6.412E-03  3.222E-03  0.000E+00  7.836E-03
 125   3.162E+03   3.328E-06  4.066E-03  2.454E-03  0.000E+00  5.969E-03
 126   2.966E+03   2.893E-06  3.756E-03  2.230E-03  0.000E+00  5.423E-03
 127   2.783E+03   2.868E-06  3.688E-03  2.258E-03  0.000E+00  5.491E-03
 128   2.610E+03   2.665E-06  3.115E-03  2.311E-03  0.000E+00  5.619E-03
 129   2.448E+03   2.324E-06  3.335E-03  1.970E-03  0.000E+00  4.791E-03
 130   2.297E+03   2.040E-06  2.677E-03  1.641E-03  0.000E+00  3.991E-03
 131   2.154E+03   1.833E-06  2.186E-03  1.431E-03  0.000E+00  3.481E-03
 132   2.021E+03   2.310E-06  2.608E-03  2.272E-03  0.000E+00  5.526E-03
 133   1.896E+03   1.488E-06  1.481E-03  1.439E-03  0.000E+00  3.499E-03
 134   1.778E+03   2.256E-06  2.484E-03  2.214E-03  0.000E+00  5.384E-03
 135   1.668E+03   1.291E-06  1.521E-03  1.221E-03  0.000E+00  2.970E-03
 136   1.565E+03   7.560E-07  8.996E-04  5.390E-04  0.000E+00  1.311E-03
 137   1.468E+03   6.896E-07  1.066E-03  7.759E-04  0.000E+00  1.887E-03
 138   1.377E+03   8.832E-07  7.970E-04  1.052E-03  0.000E+00  2.559E-03
 139   1.292E+03   7.608E-07  1.025E-03  8.338E-04  0.000E+00  2.028E-03
 140   1.212E+03   3.866E-07  6.336E-04  5.648E-04  0.000E+00  1.374E-03
 141   1.136E+03   5.336E-07  9.565E-04  7.238E-04  0.000E+00  1.760E-03
 142   1.066E+03   3.491E-07  6.680E-04  3.866E-04  0.000E+00  9.402E-04
 143   1.000E+03   5.776E-07  7.067E-04  5.567E-04  0.000E+00  1.354E-03
 144   9.380E+02   3.517E-07  6.062E-04  4.369E-04  0.000E+00  1.063E-03
 145   8.799E+02   2.743E-07  4.335E-04  3.078E-04  0.000E+00  7.485E-04
 146   8.254E+02   1.523E-07  2.529E-04  2.286E-04  0.000E+00  5.559E-04
 147   7.743E+02   1.170E-07  1.676E-04  1.954E-04  0.000E+00  4.752E-04
 148   7.263E+02   2.592E-07  4.334E-04  3.912E-04  0.000E+00  9.515E-04
 149   6.813E+02   1.880E-07  2.155E-04  3.227E-04  0.000E+00  7.848E-04
 150   6.391E+02   3.511E-07  6.967E-04  5.505E-04  0.000E+00  1.339E-03
 151   5.995E+02   1.557E-07  2.482E-04  3.459E-04  0.000E+00  8.412E-04
 152   5.623E+02   1.017E-07  1.609E-04  1.880E-04  0.000E+00  4.572E-04
 153   5.275E+02   1.199E-07  1.819E-04  2.776E-04  0.000E+00  6.750E-04
 154   4.948E+02   2.575E-08  3.483E-05  4.573E-05  0.000E+00  1.112E-04
 155   4.642E+02   1.365E-07  2.021E-04  2.631E-04  0.000E+00  6.399E-04
 156   4.354E+02   8.680E-08  1.825E-04  1.815E-04  0.000E+00  4.415E-04
 157   4.084E+02   9.592E-08  1.366E-04  1.426E-04  0.000E+00  3.467E-04
 158   3.831E+02   2.358E-08  2.984E-05  3.777E-05  0.000E+00  9.185E-05
 159   3.594E+02   3.937E-08  8.705E-05  8.262E-05  0.000E+00  2.009E-04
 160   3.371E+02   4.600E-08  5.502E-05  1.015E-04  0.000E+00  2.470E-04
 161   3.162E+02   4.228E-08  5.947E-05  6.778E-05  0.000E+00  1.648E-04
 162   2.966E+02   8.348E-08  1.601E-04  1.546E-04  0.000E+00  3.759E-04
 163   2.783E+02   2.780E-08  8.263E-05  1.044E-04  0.000E+00  2.539E-04
 164   2.610E+02   8.296E-08  7.777E-05  2.141E-04  0.000E+00  5.206E-04
 165   2.448E+02   3.534E-09  1.015E-05  1.046E-05  0.000E+00  2.544E-05
 166   2.297E+02   5.400E-08  8.741E-05  1.757E-04  0.000E+00  4.272E-04
 167   2.154E+02   1.171E-10  4.488E-07  2.500E-07  0.000E+00  6.079E-07
 168   2.021E+02   0.000E+00  0.000E+00  0.000E+00  0.000E+00  0.000E+00
 169   1.896E+02   7.272E-08  2.510E-04  1.276E-04  0.000E+00  3.103E-04
 170   1.778E+02   0.000E+00  0.000E+00  0.000E+00  0.000E+00  0.000E+00
 171   1.668E+02   0.000E+00  0.000E+00  0.000E+00  0.000E+00  0.000E+00
 172   1.565E+02   0.000E+00  0.000E+00  0.000E+00  0.000E+00  0.000E+00
 173   1.468E+02   0.000E+00  0.000E+00  0.000E+00  0.000E+00  0.000E+00
 174   1.377E+02   0.000E+00  0.000E+00  0.000E+00  0.000E+00  0.000E+00
 175   1.292E+02   0.000E+00  0.000E+00  0.000E+00  0.000E+00  0.000E+00
 176   1.212E+02   0.000E+00  0.000E+00  0.000E+00  0.000E+00  0.000E+00
 177   1.136E+02   1.701E-08  4.712E-05  2.775E-05  0.000E+00  6.748E-05
 178   1.066E+02   3.516E-09  3.524E-05  1.040E-05  0.000E+00  2.530E-05
 179   1.000E+02   0.000E+00  0.000E+00  0.000E+00  0.000E+00  0.000E+00
 180   9.380E+01   0.000E+00  0.000E+00  0.000E+00  0.000E+00  0.000E+00
 181   8.799E+01   1.702E-08  2.691E-05  7.258E-05  0.000E+00  1.765E-04
 182   8.254E+01   1.026E-09  4.622E-06  2.597E-06  0.000E+00  6.315E-06
 183   7.743E+01   0.000E+00  0.000E+00  0.000E+00  0.000E+00  0.000E+00
 184   7.263E+01   0.000E+00  0.000E+00  0.000E+00  0.000E+00  0.000E+00
 185   6.813E+01   0.000E+00  0.000E+00  0.000E+00  0.000E+00  0.000E+00
 186   6.391E+01   0.000E+00  0.000E+00  0.000E+00  0.000E+00  0.000E+00
 187   5.995E+01   0.000E+00  0.000E+00  0.000E+00  0.000E+00  0.000E+00
 188   5.623E+01   0.000E+00  0.000E+00  0.000E+00  0.000E+00  0.000E+00
 189   5.275E+01   0.000E+00  0.000E+00  0.000E+00  0.000E+00  0.000E+00
 190   4.948E+01   0.000E+00  0.000E+00  0.000E+00  0.000E+00  0.000E+00
 191   4.642E+01   0.000E+00  0.000E+00  0.000E+00  0.000E+00  0.000E+00
 192   4.354E+01   0.000E+00  0.000E+00  0.000E+00  0.000E+00  0.000E+00
 193   4.084E+01   0.000E+00  0.000E+00  0.000E+00  0.000E+00  0.000E+00
 194   3.831E+01   0.000E+00  0.000E+00  0.000E+00  0.000E+00  0.000E+00
 195   3.594E+01   0.000E+00  0.000E+00  0.000E+00  0.000E+00  0.000E+00
 196   3.371E+01   0.000E+00  0.000E+00  0.000E+00  0.000E+00  0.000E+00
 197   3.162E+01   0.000E+00  0.000E+00  0.000E+00  0.000E+00  0.000E+00
 198   2.966E+01   0.000E+00  0.000E+00  0.000E+00  0.000E+00  0.000E+00
 199   2.783E+01   0.000E+00  0.000E+00  0.000E+00  0.000E+00  0.000E+00
 200   2.610E+01   0.000E+00  0.000E+00  0.000E+00  0.000E+00  0.000E+00
 201   2.448E+01   0.000E+00  0.000E+00  0.000E+00  0.000E+00  0.000E+00
 202   2.297E+01   0.000E+00  0.000E+00  0.000E+00  0.000E+00  0.000E+00
 203   2.154E+01   0.000E+00  0.000E+00  0.000E+00  0.000E+00  0.000E+00
 204   2.021E+01   0.000E+00  0.000E+00  0.000E+00  0.000E+00  0.000E+00
 205   1.896E+01   0.000E+00  0.000E+00  0.000E+00  0.000E+00  0.000E+00
 206   1.778E+01   0.000E+00  0.000E+00  0.000E+00  0.000E+00  0.000E+00
 207   1.668E+01   0.000E+00  0.000E+00  0.000E+00  0.000E+00  0.000E+00
 208   1.565E+01   0.000E+00  0.000E+00  0.000E+00  0.000E+00  0.000E+00
 209   1.468E+01   0.000E+00  0.000E+00  0.000E+00  0.000E+00  0.000E+00
 210   1.377E+01   0.000E+00  0.000E+00  0.000E+00  0.000E+00  0.000E+00
 211   1.292E+01   0.000E+00  0.000E+00  0.000E+00  0.000E+00  0.000E+00
 212   1.212E+01   0.000E+00  0.000E+00  0.000E+00  0.000E+00  0.000E+00
 213   1.136E+01   0.000E+00  0.000E+00  0.000E+00  0.000E+00  0.000E+00
 214   1.066E+01   0.000E+00  0.000E+00  0.000E+00  0.000E+00  0.000E+00
 215   1.000E+01   0.000E+00  0.000E+00  0.000E+00  0.000E+00  0.000E+00
 216   9.380E+00   0.000E+00  0.000E+00  0.000E+00  0.000E+00  0.000E+00
 217   8.799E+00   0.000E+00  0.000E+00  0.000E+00  0.000E+00  0.000E+00
 218   8.254E+00   0.000E+00  0.000E+00  0.000E+00  0.000E+00  0.000E+00
 219   7.743E+00   0.000E+00  0.000E+00  0.000E+00  0.000E+00  0.000E+00
 220   7.263E+00   0.000E+00  0.000E+00  0.000E+00  0.000E+00  0.000E+00
 221   6.813E+00   0.000E+00  0.000E+00  0.000E+00  0.000E+00  0.000E+00
 222   6.391E+00   0.000E+00  0.000E+00  0.000E+00  0.000E+00  0.000E+00
 223   5.995E+00   0.000E+00  0.000E+00  0.000E+00  0.000E+00  0.000E+00
 224   5.623E+00   0.000E+00  0.000E+00  0.000E+00  0.000E+00  0.000E+00
 225   5.275E+00   0.000E+00  0.000E+00  0.000E+00  0.000E+00  0.000E+00
 226   4.948E+00   0.000E+00  0.000E+00  0.000E+00  0.000E+00  0.000E+00
 227   4.642E+00   0.000E+00  0.000E+00  0.000E+00  0.000E+00  0.000E+00
 228   4.354E+00   0.000E+00  0.000E+00  0.000E+00  0.000E+00  0.000E+00
 229   4.084E+00   0.000E+00  0.000E+00  0.000E+00  0.000E+00  0.000E+00
 230   3.831E+00   0.000E+00  0.000E+00  0.000E+00  0.000E+00  0.000E+00
 231   3.594E+00   0.000E+00  0.000E+00  0.000E+00  0.000E+00  0.000E+00
 232   3.371E+00   0.000E+00  0.000E+00  0.000E+00  0.000E+00  0.000E+00
 233   3.162E+00   0.000E+00  0.000E+00  0.000E+00  0.000E+00  0.000E+00
 234   2.966E+00   0.000E+00  0.000E+00  0.000E+00  0.000E+00  0.000E+00
 235   2.783E+00   0.000E+00  0.000E+00  0.000E+00  0.000E+00  0.000E+00
 236   2.610E+00   0.000E+00  0.000E+00  0.000E+00  0.000E+00  0.000E+00
 237   2.448E+00   0.000E+00  0.000E+00  0.000E+00  0.000E+00  0.000E+00
 238   2.297E+00   0.000E+00  0.000E+00  0.000E+00  0.000E+00  0.000E+00
 239   2.154E+00   0.000E+00  0.000E+00  0.000E+00  0.000E+00  0.000E+00
 240   2.021E+00   0.000E+00  0.000E+00  0.000E+00  0.000E+00  0.000E+00
 241   1.896E+00   0.000E+00  0.000E+00  0.000E+00  0.000E+00  0.000E+00
 242   1.778E+00   0.000E+00  0.000E+00  0.000E+00  0.000E+00  0.000E+00
 243   1.668E+00   0.000E+00  0.000E+00  0.000E+00  0.000E+00  0.000E+00
 244   1.565E+00   0.000E+00  0.000E+00  0.000E+00  0.000E+00  0.000E+00
 245   1.468E+00   0.000E+00  0.000E+00  0.000E+00  0.000E+00  0.000E+00
 246   1.377E+00   0.000E+00  0.000E+00  0.000E+00  0.000E+00  0.000E+00
 247   1.292E+00   0.000E+00  0.000E+00  0.000E+00  0.000E+00  0.000E+00
 248   1.212E+00   0.000E+00  0.000E+00  0.000E+00  0.000E+00  0.000E+00
 249   1.136E+00   0.000E+00  0.000E+00  0.000E+00  0.000E+00  0.000E+00
 250   1.066E+00   0.000E+00  0.000E+00  0.000E+00  0.000E+00  0.000E+00
 251   1.000E+00   0.000E+00  0.000E+00  0.000E+00  0.000E+00  0.000E+00
 252   9.380E-01   0.000E+00  0.000E+00  0.000E+00  0.000E+00  0.000E+00
 253   8.799E-01   0.000E+00  0.000E+00  0.000E+00  0.000E+00  0.000E+00
 254   8.254E-01   0.000E+00  0.000E+00  0.000E+00  0.000E+00  0.000E+00
 255   7.743E-01   0.000E+00  0.000E+00  0.000E+00  0.000E+00  0.000E+00
 256   7.263E-01   0.000E+00  0.000E+00  0.000E+00  0.000E+00  0.000E+00
 257   6.813E-01   0.000E+00  0.000E+00  0.000E+00  0.000E+00  0.000E+00
 258   6.391E-01   0.000E+00  0.000E+00  0.000E+00  0.000E+00  0.000E+00
 259   5.995E-01   0.000E+00  0.000E+00  0.000E+00  0.000E+00  0.000E+00
 260   5.623E-01   0.000E+00  0.000E+00  0.000E+00  0.000E+00  0.000E+00
 261   5.275E-01   0.000E+00  0.000E+00  0.000E+00  0.000E+00  0.000E+00
 262   4.948E-01   0.000E+00  0.000E+00  0.000E+00  0.000E+00  0.000E+00
 263   4.642E-01   0.000E+00  0.000E+00  0.000E+00  0.000E+00  0.000E+00
 264   4.354E-01   0.000E+00  0.000E+00  0.000E+00  0.000E+00  0.000E+00
 265   4.084E-01   0.000E+00  0.000E+00  0.000E+00  0.000E+00  0.000E+00
 266   3.831E-01   0.000E+00  0.000E+00  0.000E+00  0.000E+00  0.000E+00
 267   3.594E-01   0.000E+00  0.000E+00  0.000E+00  0.000E+00  0.000E+00
 268   3.371E-01   0.000E+00  0.000E+00  0.000E+00  0.000E+00  0.000E+00
 269   3.162E-01   0.000E+00  0.000E+00  0.000E+00  0.000E+00  0.000E+00
 270   2.966E-01   0.000E+00  0.000E+00  0.000E+00  0.000E+00  0.000E+00
 271   2.783E-01   0.000E+00  0.000E+00  0.000E+00  0.000E+00  0.000E+00
 272   2.610E-01   0.000E+00  0.000E+00  0.000E+00  0.000E+00  0.000E+00
 273   2.448E-01   0.000E+00  0.000E+00  0.000E+00  0.000E+00  0.000E+00
 274   2.297E-01   0.000E+00  0.000E+00  0.000E+00  0.000E+00  0.000E+00
 275   2.154E-01   0.000E+00  0.000E+00  0.000E+00  0.000E+00  0.000E+00
 276   1.896E-01   0.000E+00  0.000E+00  0.000E+00  0.000E+00  0.000E+00
 277   1.668E-01   0.000E+00  0.000E+00  0.000E+00  0.000E+00  0.000E+00
 278   1.468E-01   0.000E+00  0.000E+00  0.000E+00  0.000E+00  0.000E+00
 279   1.292E-01   0.000E+00  0.000E+00  0.000E+00  0.000E+00  0.000E+00
 280   1.136E-01   0.000E+00  0.000E+00  0.000E+00  0.000E+00  0.000E+00
 281   1.000E-01   0.000E+00  0.000E+00  0.000E+00  0.000E+00  0.000E+00
 282   8.254E-02   0.000E+00  0.000E+00  0.000E+00  0.000E+00  0.000E+00
 283   6.813E-02   0.000E+00  0.000E+00  0.000E+00  0.000E+00  0.000E+00
 284   5.623E-02   0.000E+00  0.000E+00  0.000E+00  0.000E+00  0.000E+00
 285   4.642E-02   0.000E+00  0.000E+00  0.000E+00  0.000E+00  0.000E+00
 286   3.831E-02   0.000E+00  0.000E+00  0.000E+00  0.000E+00  0.000E+00
 287   3.162E-02   0.000E+00  0.000E+00  0.000E+00  0.000E+00  0.000E+00
 288   2.610E-02   0.000E+00  0.000E+00  0.000E+00  0.000E+00  0.000E+00
 289   2.154E-02   0.000E+00  0.000E+00  0.000E+00  0.000E+00  0.000E+00
 290   1.778E-02   0.000E+00  0.000E+00  0.000E+00  0.000E+00  0.000E+00
 291   1.468E-02   0.000E+00  0.000E+00  0.000E+00  0.000E+00  0.000E+00
 292   1.212E-02   0.000E+00  0.000E+00  0.000E+00  0.000E+00  0.000E+00
 293   1.000E-02   0.000E+00  0.000E+00  0.000E+00  0.000E+00  0.000E+00
 294   6.813E-03   0.000E+00  0.000E+00  0.000E+00  0.000E+00  0.000E+00
 295   4.642E-03   0.000E+00  0.000E+00  0.000E+00  0.000E+00  0.000E+00
 296   3.162E-03   0.000E+00  0.000E+00  0.000E+00  0.000E+00  0.000E+00
 297   2.154E-03   0.000E+00  0.000E+00  0.000E+00  0.000E+00  0.000E+00
 298   1.000E-03   0.000E+00  0.000E+00  0.000E+00  0.000E+00  0.000E+00
 299   1.000E-04   0.000E+00  0.000E+00  0.000E+00  0.000E+00  0.000E+00

 TOTAL             1.312E-03  3.296E-01  3.684E-01  4.834E-03  9.443E-01

/end of file/
