/Created by MAYAK while running pmf01001 with    KENO code/

                            BY-GROUP BALANCE

 GRP     E-up        FLUX      CAPTURE     FISSION    (n,2n)    PRODUCT

   1   2.000E+07   4.988E-06  1.073E-07  1.187E-04  3.540E-05  6.583E-04
   2   1.862E+07   7.420E-05  1.596E-06  1.790E-03  4.545E-04  9.642E-03
   3   1.733E+07   1.591E-04  3.423E-06  3.981E-03  7.215E-04  2.085E-02
   4   1.613E+07   3.456E-04  7.436E-06  8.800E-03  1.268E-03  4.484E-02
   5   1.502E+07   5.776E-04  1.243E-05  1.451E-02  2.114E-03  7.200E-02
   6   1.398E+07   1.251E-03  2.240E-05  3.045E-02  4.742E-03  1.474E-01
   7   1.302E+07   2.457E-03  4.400E-05  5.848E-02  1.092E-02  2.764E-01
   8   1.212E+07   4.392E-03  7.864E-05  1.034E-01  2.169E-02  4.774E-01
   9   1.128E+07   7.724E-03  1.383E-04  1.818E-01  3.733E-02  8.188E-01
  10   1.050E+07   1.469E-02  1.931E-04  3.465E-01  5.899E-02  1.512E+00
  11   9.693E+06   2.428E-02  3.192E-04  5.740E-01  8.018E-02  2.440E+00
  12   8.949E+06   3.632E-02  4.775E-04  8.638E-01  9.342E-02  3.583E+00
  13   8.261E+06   5.368E-02  7.057E-04  1.281E+00  1.039E-01  5.192E+00
  14   7.627E+06   7.628E-02  1.003E-03  1.790E+00  1.130E-01  7.098E+00
  15   7.041E+06   1.017E-01  1.337E-03  2.232E+00  1.075E-01  8.671E+00
  16   6.500E+06   1.355E-01  1.657E-03  2.627E+00  7.874E-02  9.959E+00
  17   5.995E+06   1.734E-01  2.296E-03  3.113E+00  2.058E-02  1.159E+01
  18   5.529E+06   2.188E-01  3.340E-03  3.847E+00  1.432E-04  1.406E+01
  19   5.099E+06   2.555E-01  4.931E-03  4.537E+00  1.671E-04  1.631E+01
  20   4.703E+06   3.002E-01  7.311E-03  5.476E+00  1.964E-04  1.939E+01
  21   4.337E+06   3.395E-01  1.067E-02  6.347E+00  2.221E-04  2.215E+01
  22   4.000E+06   3.725E-01  1.669E-02  7.096E+00  0.000E+00  2.435E+01
  23   3.699E+06   4.052E-01  2.388E-02  7.797E+00  0.000E+00  2.643E+01
  24   3.420E+06   4.412E-01  3.358E-02  8.602E+00  0.000E+00  2.882E+01
  25   3.162E+06   4.628E-01  4.550E-02  9.160E+00  0.000E+00  3.035E+01
  26   2.924E+06   4.836E-01  5.976E-02  9.695E+00  0.000E+00  3.180E+01
  27   2.704E+06   4.916E-01  7.465E-02  9.963E+00  0.000E+00  3.237E+01
  28   2.500E+06   4.716E-01  9.209E-02  9.669E+00  0.000E+00  3.107E+01
  29   2.325E+06   4.816E-01  1.067E-01  9.986E+00  0.000E+00  3.184E+01
  30   2.163E+06   4.864E-01  1.205E-01  1.018E+01  0.000E+00  3.222E+01
  31   2.011E+06   4.832E-01  1.319E-01  1.016E+01  0.000E+00  3.195E+01
  32   1.871E+06   4.772E-01  1.428E-01  1.003E+01  0.000E+00  3.133E+01
  33   1.740E+06   4.760E-01  1.545E-01  9.952E+00  0.000E+00  3.091E+01
  34   1.618E+06   4.660E-01  1.639E-01  9.650E+00  0.000E+00  2.981E+01
  35   1.505E+06   4.476E-01  1.701E-01  9.143E+00  0.000E+00  2.810E+01
  36   1.400E+06   4.512E-01  2.002E-01  9.011E+00  0.000E+00  2.753E+01
  37   1.305E+06   4.376E-01  2.092E-01  8.558E+00  0.000E+00  2.605E+01
  38   1.217E+06   4.244E-01  2.183E-01  8.111E+00  0.000E+00  2.460E+01
  39   1.135E+06   4.124E-01  2.280E-01  7.709E+00  0.000E+00  2.330E+01
  40   1.058E+06   3.998E-01  2.380E-01  7.324E+00  0.000E+00  2.207E+01
  41   9.868E+05   3.833E-01  2.436E-01  6.898E+00  0.000E+00  2.072E+01
  42   9.201E+05   3.637E-01  2.455E-01  6.484E+00  0.000E+00  1.942E+01
  43   8.580E+05   3.538E-01  2.535E-01  6.302E+00  0.000E+00  1.883E+01
  44   8.000E+05   3.794E-01  3.178E-01  6.515E+00  0.000E+00  1.940E+01
  45   7.407E+05   3.641E-01  3.319E-01  6.062E+00  0.000E+00  1.800E+01
  46   6.858E+05   3.457E-01  3.291E-01  5.653E+00  0.000E+00  1.675E+01
  47   6.350E+05   3.286E-01  3.343E-01  5.346E+00  0.000E+00  1.580E+01
  48   5.879E+05   3.104E-01  3.403E-01  5.041E+00  0.000E+00  1.487E+01
  49   5.443E+05   2.890E-01  3.440E-01  4.687E+00  0.000E+00  1.380E+01
  50   5.040E+05   2.742E-01  3.521E-01  4.418E+00  0.000E+00  1.299E+01
  51   4.666E+05   2.629E-01  3.578E-01  4.188E+00  0.000E+00  1.229E+01
  52   4.320E+05   2.574E-01  3.666E-01  4.054E+00  0.000E+00  1.188E+01
  53   4.000E+05   2.571E-01  3.907E-01  3.970E+00  0.000E+00  1.162E+01
  54   3.703E+05   2.443E-01  3.953E-01  3.773E+00  0.000E+00  1.102E+01
  55   3.429E+05   2.269E-01  3.908E-01  3.515E+00  0.000E+00  1.026E+01
  56   3.175E+05   2.118E-01  3.873E-01  3.284E+00  0.000E+00  9.573E+00
  57   2.939E+05   1.944E-01  3.736E-01  3.001E+00  0.000E+00  8.741E+00
  58   2.722E+05   1.799E-01  3.592E-01  2.755E+00  0.000E+00  8.014E+00
  59   2.520E+05   1.659E-01  3.418E-01  2.510E+00  0.000E+00  7.293E+00
  60   2.333E+05   1.504E-01  3.193E-01  2.248E+00  0.000E+00  6.529E+00
  61   2.160E+05   1.392E-01  3.043E-01  2.063E+00  0.000E+00  5.988E+00
  62   2.000E+05   1.257E-01  2.878E-01  1.851E+00  0.000E+00  5.368E+00
  63   1.852E+05   1.166E-01  2.747E-01  1.715E+00  0.000E+00  4.971E+00
  64   1.714E+05   1.053E-01  2.557E-01  1.551E+00  0.000E+00  4.492E+00
  65   1.587E+05   9.604E-02  2.405E-01  1.422E+00  0.000E+00  4.116E+00
  66   1.470E+05   8.756E-02  2.265E-01  1.307E+00  0.000E+00  3.782E+00
  67   1.361E+05   8.100E-02  2.169E-01  1.223E+00  0.000E+00  3.537E+00
  68   1.260E+05   7.228E-02  2.005E-01  1.107E+00  0.000E+00  3.198E+00
  69   1.167E+05   6.432E-02  1.847E-01  9.933E-01  0.000E+00  2.870E+00
  70   1.080E+05   5.632E-02  1.663E-01  8.692E-01  0.000E+00  2.510E+00
  71   1.000E+05   4.412E-02  1.372E-01  6.761E-01  0.000E+00  1.971E+00
  72   9.380E+04   3.880E-02  1.228E-01  5.897E-01  0.000E+00  1.719E+00
  73   8.799E+04   3.604E-02  1.171E-01  5.493E-01  0.000E+00  1.601E+00
  74   8.254E+04   3.194E-02  1.071E-01  4.918E-01  0.000E+00  1.434E+00
  75   7.743E+04   2.965E-02  1.026E-01  4.610E-01  0.000E+00  1.344E+00
  76   7.263E+04   2.604E-02  9.259E-02  4.066E-01  0.000E+00  1.185E+00
  77   6.813E+04   2.463E-02  8.924E-02  3.828E-01  0.000E+00  1.116E+00
  78   6.391E+04   2.240E-02  8.294E-02  3.477E-01  0.000E+00  1.013E+00
  79   5.995E+04   1.977E-02  7.666E-02  3.124E-01  0.000E+00  9.105E-01
  80   5.623E+04   1.800E-02  7.379E-02  2.922E-01  0.000E+00  8.518E-01
  81   5.275E+04   1.552E-02  6.484E-02  2.535E-01  0.000E+00  7.391E-01
  82   4.948E+04   1.474E-02  6.317E-02  2.412E-01  0.000E+00  7.031E-01
  83   4.642E+04   1.222E-02  5.577E-02  2.010E-01  0.000E+00  5.860E-01
  84   4.354E+04   1.098E-02  5.154E-02  1.811E-01  0.000E+00  5.280E-01
  85   4.084E+04   1.037E-02  5.079E-02  1.718E-01  0.000E+00  5.008E-01
  86   3.831E+04   9.060E-03  4.605E-02  1.507E-01  0.000E+00  4.393E-01
  87   3.594E+04   8.448E-03  4.446E-02  1.411E-01  0.000E+00  4.115E-01
  88   3.371E+04   7.584E-03  4.130E-02  1.261E-01  0.000E+00  3.676E-01
  89   3.162E+04   7.004E-03  4.048E-02  1.172E-01  0.000E+00  3.418E-01
  90   2.966E+04   5.784E-03  3.471E-02  9.740E-02  0.000E+00  2.839E-01
  91   2.783E+04   5.160E-03  3.204E-02  8.682E-02  0.000E+00  2.531E-01
  92   2.610E+04   5.152E-03  3.329E-02  8.781E-02  0.000E+00  2.560E-01
  93   2.448E+04   4.672E-03  3.143E-02  8.027E-02  0.000E+00  2.340E-01
  94   2.297E+04   3.804E-03  2.661E-02  6.588E-02  0.000E+00  1.921E-01
  95   2.154E+04   3.732E-03  2.777E-02  6.556E-02  0.000E+00  1.911E-01
  96   2.021E+04   3.184E-03  2.460E-02  5.649E-02  0.000E+00  1.647E-01
  97   1.896E+04   3.004E-03  2.409E-02  5.368E-02  0.000E+00  1.565E-01
  98   1.778E+04   2.686E-03  2.230E-02  4.823E-02  0.000E+00  1.406E-01
  99   1.668E+04   2.689E-03  2.312E-02  4.834E-02  0.000E+00  1.409E-01
 100   1.565E+04   2.335E-03  2.071E-02  4.198E-02  0.000E+00  1.224E-01
 101   1.468E+04   2.251E-03  2.062E-02  4.059E-02  0.000E+00  1.183E-01
 102   1.377E+04   1.841E-03  1.735E-02  3.328E-02  0.000E+00  9.702E-02
 103   1.292E+04   1.656E-03  1.601E-02  3.000E-02  0.000E+00  8.746E-02
 104   1.212E+04   1.455E-03  1.440E-02  2.638E-02  0.000E+00  7.690E-02
 105   1.136E+04   1.261E-03  1.273E-02  2.286E-02  0.000E+00  6.665E-02
 106   1.066E+04   1.280E-03  1.316E-02  2.317E-02  0.000E+00  6.755E-02
 107   1.000E+04   7.968E-04  8.561E-03  1.461E-02  0.000E+00  4.259E-02
 108   9.380E+03   5.804E-04  6.663E-03  1.186E-02  0.000E+00  3.456E-02
 109   8.799E+03   5.520E-04  6.769E-03  1.186E-02  0.000E+00  3.457E-02
 110   8.254E+03   5.780E-04  7.433E-03  1.221E-02  0.000E+00  3.559E-02
 111   7.743E+03   3.700E-04  4.994E-03  7.529E-03  0.000E+00  2.195E-02
 112   7.263E+03   3.649E-04  5.114E-03  7.091E-03  0.000E+00  2.067E-02
 113   6.813E+03   3.679E-04  5.319E-03  7.001E-03  0.000E+00  2.041E-02
 114   6.391E+03   3.653E-04  5.655E-03  7.162E-03  0.000E+00  2.088E-02
 115   5.995E+03   2.603E-04  4.284E-03  5.277E-03  0.000E+00  1.538E-02
 116   5.623E+03   2.815E-04  4.796E-03  5.801E-03  0.000E+00  1.691E-02
 117   5.275E+03   2.632E-04  4.563E-03  5.431E-03  0.000E+00  1.583E-02
 118   4.948E+03   2.072E-04  3.630E-03  4.298E-03  0.000E+00  1.253E-02
 119   4.642E+03   1.438E-04  2.581E-03  3.045E-03  0.000E+00  8.876E-03
 120   4.354E+03   1.340E-04  2.415E-03  3.004E-03  0.000E+00  8.757E-03
 121   4.084E+03   7.660E-05  1.394E-03  1.823E-03  0.000E+00  5.314E-03
 122   3.831E+03   1.170E-04  2.191E-03  2.973E-03  0.000E+00  8.666E-03
 123   3.594E+03   6.360E-05  1.229E-03  1.708E-03  0.000E+00  4.980E-03
 124   3.371E+03   1.166E-04  2.356E-03  3.263E-03  0.000E+00  9.512E-03
 125   3.162E+03   5.212E-05  1.093E-03  1.508E-03  0.000E+00  4.397E-03
 126   2.966E+03   5.384E-05  1.177E-03  1.577E-03  0.000E+00  4.598E-03
 127   2.783E+03   3.298E-05  7.538E-04  9.464E-04  0.000E+00  2.759E-03
 128   2.610E+03   9.332E-05  2.227E-03  2.513E-03  0.000E+00  7.325E-03
 129   2.448E+03   5.700E-05  1.412E-03  1.463E-03  0.000E+00  4.266E-03
 130   2.297E+03   6.788E-05  1.720E-03  1.688E-03  0.000E+00  4.922E-03
 131   2.154E+03   3.794E-05  9.727E-04  9.514E-04  0.000E+00  2.773E-03
 132   2.021E+03   6.532E-05  1.654E-03  1.663E-03  0.000E+00  4.847E-03
 133   1.896E+03   3.823E-05  9.535E-04  1.002E-03  0.000E+00  2.921E-03
 134   1.778E+03   2.990E-05  7.446E-04  8.220E-04  0.000E+00  2.396E-03
 135   1.668E+03   4.484E-05  1.144E-03  1.351E-03  0.000E+00  3.938E-03
 136   1.565E+03   3.640E-05  9.497E-04  1.189E-03  0.000E+00  3.465E-03
 137   1.468E+03   3.297E-05  8.845E-04  1.178E-03  0.000E+00  3.434E-03
 138   1.377E+03   2.655E-05  7.285E-04  1.029E-03  0.000E+00  2.999E-03
 139   1.292E+03   1.815E-05  5.087E-04  7.544E-04  0.000E+00  2.199E-03
 140   1.212E+03   1.099E-05  3.121E-04  4.851E-04  0.000E+00  1.414E-03
 141   1.136E+03   4.620E-06  1.328E-04  2.153E-04  0.000E+00  6.276E-04
 142   1.066E+03   2.674E-05  7.775E-04  1.309E-03  0.000E+00  3.816E-03
 143   1.000E+03   2.450E-05  8.311E-04  1.598E-03  0.000E+00  4.658E-03
 144   9.380E+02   2.540E-05  7.122E-04  9.040E-04  0.000E+00  2.635E-03
 145   8.799E+02   2.106E-05  4.258E-04  8.327E-04  0.000E+00  2.428E-03
 146   8.254E+02   2.110E-05  4.632E-04  8.472E-04  0.000E+00  2.470E-03
 147   7.743E+02   1.666E-05  5.110E-04  6.504E-04  0.000E+00  1.896E-03
 148   7.263E+02   4.528E-06  1.270E-04  1.199E-04  0.000E+00  3.496E-04
 149   6.813E+02   0.000E+00  0.000E+00  0.000E+00  0.000E+00  0.000E+00
 150   6.391E+02   6.052E-06  2.354E-04  1.912E-04  0.000E+00  5.573E-04
 151   5.995E+02   5.692E-06  2.938E-04  3.612E-04  0.000E+00  1.053E-03
 152   5.623E+02   0.000E+00  0.000E+00  0.000E+00  0.000E+00  0.000E+00
 153   5.275E+02   2.409E-06  9.341E-05  2.803E-04  0.000E+00  8.160E-04
 154   4.948E+02   0.000E+00  0.000E+00  0.000E+00  0.000E+00  0.000E+00
 155   4.642E+02   0.000E+00  0.000E+00  0.000E+00  0.000E+00  0.000E+00
 156   4.354E+02   0.000E+00  0.000E+00  0.000E+00  0.000E+00  0.000E+00
 157   4.084E+02   1.653E-06  4.561E-05  1.197E-04  0.000E+00  3.444E-04
 158   3.831E+02   7.240E-06  1.146E-04  2.919E-04  0.000E+00  8.382E-04
 159   3.594E+02   0.000E+00  0.000E+00  0.000E+00  0.000E+00  0.000E+00
 160   3.371E+02   0.000E+00  0.000E+00  0.000E+00  0.000E+00  0.000E+00
 161   3.162E+02   1.242E-06  9.586E-05  7.306E-05  0.000E+00  2.091E-04
 162   2.966E+02   3.396E-06  1.797E-04  3.071E-04  0.000E+00  8.803E-04
 163   2.783E+02   3.316E-07  1.803E-05  6.310E-05  0.000E+00  1.811E-04
 164   2.610E+02   0.000E+00  0.000E+00  0.000E+00  0.000E+00  0.000E+00
 165   2.448E+02   0.000E+00  0.000E+00  0.000E+00  0.000E+00  0.000E+00
 166   2.297E+02   2.499E-06  2.001E-04  1.731E-04  0.000E+00  4.991E-04
 167   2.154E+02   7.516E-06  2.392E-04  5.340E-04  0.000E+00  1.541E-03
 168   2.021E+02   0.000E+00  0.000E+00  0.000E+00  0.000E+00  0.000E+00
 169   1.896E+02   0.000E+00  0.000E+00  0.000E+00  0.000E+00  0.000E+00
 170   1.778E+02   0.000E+00  0.000E+00  0.000E+00  0.000E+00  0.000E+00
 171   1.668E+02   0.000E+00  0.000E+00  0.000E+00  0.000E+00  0.000E+00
 172   1.565E+02   0.000E+00  0.000E+00  0.000E+00  0.000E+00  0.000E+00
 173   1.468E+02   0.000E+00  0.000E+00  0.000E+00  0.000E+00  0.000E+00
 174   1.377E+02   0.000E+00  0.000E+00  0.000E+00  0.000E+00  0.000E+00
 175   1.292E+02   2.346E-06  1.171E-04  2.083E-04  0.000E+00  6.010E-04
 176   1.212E+02   0.000E+00  0.000E+00  0.000E+00  0.000E+00  0.000E+00
 177   1.136E+02   0.000E+00  0.000E+00  0.000E+00  0.000E+00  0.000E+00
 178   1.066E+02   0.000E+00  0.000E+00  0.000E+00  0.000E+00  0.000E+00
 179   1.000E+02   0.000E+00  0.000E+00  0.000E+00  0.000E+00  0.000E+00
 180   9.380E+01   0.000E+00  0.000E+00  0.000E+00  0.000E+00  0.000E+00
 181   8.799E+01   0.000E+00  0.000E+00  0.000E+00  0.000E+00  0.000E+00
 182   8.254E+01   0.000E+00  0.000E+00  0.000E+00  0.000E+00  0.000E+00
 183   7.743E+01   0.000E+00  0.000E+00  0.000E+00  0.000E+00  0.000E+00
 184   7.263E+01   0.000E+00  0.000E+00  0.000E+00  0.000E+00  0.000E+00
 185   6.813E+01   0.000E+00  0.000E+00  0.000E+00  0.000E+00  0.000E+00
 186   6.391E+01   0.000E+00  0.000E+00  0.000E+00  0.000E+00  0.000E+00
 187   5.995E+01   0.000E+00  0.000E+00  0.000E+00  0.000E+00  0.000E+00
 188   5.623E+01   0.000E+00  0.000E+00  0.000E+00  0.000E+00  0.000E+00
 189   5.275E+01   0.000E+00  0.000E+00  0.000E+00  0.000E+00  0.000E+00
 190   4.948E+01   0.000E+00  0.000E+00  0.000E+00  0.000E+00  0.000E+00
 191   4.642E+01   0.000E+00  0.000E+00  0.000E+00  0.000E+00  0.000E+00
 192   4.354E+01   0.000E+00  0.000E+00  0.000E+00  0.000E+00  0.000E+00
 193   4.084E+01   0.000E+00  0.000E+00  0.000E+00  0.000E+00  0.000E+00
 194   3.831E+01   0.000E+00  0.000E+00  0.000E+00  0.000E+00  0.000E+00
 195   3.594E+01   0.000E+00  0.000E+00  0.000E+00  0.000E+00  0.000E+00
 196   3.371E+01   0.000E+00  0.000E+00  0.000E+00  0.000E+00  0.000E+00
 197   3.162E+01   0.000E+00  0.000E+00  0.000E+00  0.000E+00  0.000E+00
 198   2.966E+01   0.000E+00  0.000E+00  0.000E+00  0.000E+00  0.000E+00
 199   2.783E+01   0.000E+00  0.000E+00  0.000E+00  0.000E+00  0.000E+00
 200   2.610E+01   0.000E+00  0.000E+00  0.000E+00  0.000E+00  0.000E+00
 201   2.448E+01   0.000E+00  0.000E+00  0.000E+00  0.000E+00  0.000E+00
 202   2.297E+01   0.000E+00  0.000E+00  0.000E+00  0.000E+00  0.000E+00
 203   2.154E+01   0.000E+00  0.000E+00  0.000E+00  0.000E+00  0.000E+00
 204   2.021E+01   0.000E+00  0.000E+00  0.000E+00  0.000E+00  0.000E+00
 205   1.896E+01   0.000E+00  0.000E+00  0.000E+00  0.000E+00  0.000E+00
 206   1.778E+01   0.000E+00  0.000E+00  0.000E+00  0.000E+00  0.000E+00
 207   1.668E+01   0.000E+00  0.000E+00  0.000E+00  0.000E+00  0.000E+00
 208   1.565E+01   0.000E+00  0.000E+00  0.000E+00  0.000E+00  0.000E+00
 209   1.468E+01   0.000E+00  0.000E+00  0.000E+00  0.000E+00  0.000E+00
 210   1.377E+01   0.000E+00  0.000E+00  0.000E+00  0.000E+00  0.000E+00
 211   1.292E+01   0.000E+00  0.000E+00  0.000E+00  0.000E+00  0.000E+00
 212   1.212E+01   0.000E+00  0.000E+00  0.000E+00  0.000E+00  0.000E+00
 213   1.136E+01   0.000E+00  0.000E+00  0.000E+00  0.000E+00  0.000E+00
 214   1.066E+01   0.000E+00  0.000E+00  0.000E+00  0.000E+00  0.000E+00
 215   1.000E+01   0.000E+00  0.000E+00  0.000E+00  0.000E+00  0.000E+00
 216   9.380E+00   0.000E+00  0.000E+00  0.000E+00  0.000E+00  0.000E+00
 217   8.799E+00   0.000E+00  0.000E+00  0.000E+00  0.000E+00  0.000E+00
 218   8.254E+00   0.000E+00  0.000E+00  0.000E+00  0.000E+00  0.000E+00
 219   7.743E+00   0.000E+00  0.000E+00  0.000E+00  0.000E+00  0.000E+00
 220   7.263E+00   0.000E+00  0.000E+00  0.000E+00  0.000E+00  0.000E+00
 221   6.813E+00   0.000E+00  0.000E+00  0.000E+00  0.000E+00  0.000E+00
 222   6.391E+00   0.000E+00  0.000E+00  0.000E+00  0.000E+00  0.000E+00
 223   5.995E+00   0.000E+00  0.000E+00  0.000E+00  0.000E+00  0.000E+00
 224   5.623E+00   0.000E+00  0.000E+00  0.000E+00  0.000E+00  0.000E+00
 225   5.275E+00   0.000E+00  0.000E+00  0.000E+00  0.000E+00  0.000E+00
 226   4.948E+00   0.000E+00  0.000E+00  0.000E+00  0.000E+00  0.000E+00
 227   4.642E+00   0.000E+00  0.000E+00  0.000E+00  0.000E+00  0.000E+00
 228   4.354E+00   0.000E+00  0.000E+00  0.000E+00  0.000E+00  0.000E+00
 229   4.084E+00   0.000E+00  0.000E+00  0.000E+00  0.000E+00  0.000E+00
 230   3.831E+00   0.000E+00  0.000E+00  0.000E+00  0.000E+00  0.000E+00
 231   3.594E+00   0.000E+00  0.000E+00  0.000E+00  0.000E+00  0.000E+00
 232   3.371E+00   0.000E+00  0.000E+00  0.000E+00  0.000E+00  0.000E+00
 233   3.162E+00   0.000E+00  0.000E+00  0.000E+00  0.000E+00  0.000E+00
 234   2.966E+00   0.000E+00  0.000E+00  0.000E+00  0.000E+00  0.000E+00
 235   2.783E+00   0.000E+00  0.000E+00  0.000E+00  0.000E+00  0.000E+00
 236   2.610E+00   0.000E+00  0.000E+00  0.000E+00  0.000E+00  0.000E+00
 237   2.448E+00   0.000E+00  0.000E+00  0.000E+00  0.000E+00  0.000E+00
 238   2.297E+00   0.000E+00  0.000E+00  0.000E+00  0.000E+00  0.000E+00
 239   2.154E+00   0.000E+00  0.000E+00  0.000E+00  0.000E+00  0.000E+00
 240   2.021E+00   0.000E+00  0.000E+00  0.000E+00  0.000E+00  0.000E+00
 241   1.896E+00   0.000E+00  0.000E+00  0.000E+00  0.000E+00  0.000E+00
 242   1.778E+00   0.000E+00  0.000E+00  0.000E+00  0.000E+00  0.000E+00
 243   1.668E+00   0.000E+00  0.000E+00  0.000E+00  0.000E+00  0.000E+00
 244   1.565E+00   0.000E+00  0.000E+00  0.000E+00  0.000E+00  0.000E+00
 245   1.468E+00   0.000E+00  0.000E+00  0.000E+00  0.000E+00  0.000E+00
 246   1.377E+00   0.000E+00  0.000E+00  0.000E+00  0.000E+00  0.000E+00
 247   1.292E+00   0.000E+00  0.000E+00  0.000E+00  0.000E+00  0.000E+00
 248   1.212E+00   0.000E+00  0.000E+00  0.000E+00  0.000E+00  0.000E+00
 249   1.136E+00   0.000E+00  0.000E+00  0.000E+00  0.000E+00  0.000E+00
 250   1.066E+00   0.000E+00  0.000E+00  0.000E+00  0.000E+00  0.000E+00
 251   1.000E+00   0.000E+00  0.000E+00  0.000E+00  0.000E+00  0.000E+00
 252   9.380E-01   0.000E+00  0.000E+00  0.000E+00  0.000E+00  0.000E+00
 253   8.799E-01   0.000E+00  0.000E+00  0.000E+00  0.000E+00  0.000E+00
 254   8.254E-01   0.000E+00  0.000E+00  0.000E+00  0.000E+00  0.000E+00
 255   7.743E-01   0.000E+00  0.000E+00  0.000E+00  0.000E+00  0.000E+00
 256   7.263E-01   0.000E+00  0.000E+00  0.000E+00  0.000E+00  0.000E+00
 257   6.813E-01   0.000E+00  0.000E+00  0.000E+00  0.000E+00  0.000E+00
 258   6.391E-01   0.000E+00  0.000E+00  0.000E+00  0.000E+00  0.000E+00
 259   5.995E-01   0.000E+00  0.000E+00  0.000E+00  0.000E+00  0.000E+00
 260   5.623E-01   0.000E+00  0.000E+00  0.000E+00  0.000E+00  0.000E+00
 261   5.275E-01   0.000E+00  0.000E+00  0.000E+00  0.000E+00  0.000E+00
 262   4.948E-01   0.000E+00  0.000E+00  0.000E+00  0.000E+00  0.000E+00
 263   4.642E-01   0.000E+00  0.000E+00  0.000E+00  0.000E+00  0.000E+00
 264   4.354E-01   0.000E+00  0.000E+00  0.000E+00  0.000E+00  0.000E+00
 265   4.084E-01   0.000E+00  0.000E+00  0.000E+00  0.000E+00  0.000E+00
 266   3.831E-01   0.000E+00  0.000E+00  0.000E+00  0.000E+00  0.000E+00
 267   3.594E-01   0.000E+00  0.000E+00  0.000E+00  0.000E+00  0.000E+00
 268   3.371E-01   0.000E+00  0.000E+00  0.000E+00  0.000E+00  0.000E+00
 269   3.162E-01   0.000E+00  0.000E+00  0.000E+00  0.000E+00  0.000E+00
 270   2.966E-01   0.000E+00  0.000E+00  0.000E+00  0.000E+00  0.000E+00
 271   2.783E-01   0.000E+00  0.000E+00  0.000E+00  0.000E+00  0.000E+00
 272   2.610E-01   0.000E+00  0.000E+00  0.000E+00  0.000E+00  0.000E+00
 273   2.448E-01   0.000E+00  0.000E+00  0.000E+00  0.000E+00  0.000E+00
 274   2.297E-01   0.000E+00  0.000E+00  0.000E+00  0.000E+00  0.000E+00
 275   2.154E-01   0.000E+00  0.000E+00  0.000E+00  0.000E+00  0.000E+00
 276   1.896E-01   0.000E+00  0.000E+00  0.000E+00  0.000E+00  0.000E+00
 277   1.668E-01   0.000E+00  0.000E+00  0.000E+00  0.000E+00  0.000E+00
 278   1.468E-01   0.000E+00  0.000E+00  0.000E+00  0.000E+00  0.000E+00
 279   1.292E-01   0.000E+00  0.000E+00  0.000E+00  0.000E+00  0.000E+00
 280   1.136E-01   0.000E+00  0.000E+00  0.000E+00  0.000E+00  0.000E+00
 281   1.000E-01   0.000E+00  0.000E+00  0.000E+00  0.000E+00  0.000E+00
 282   8.254E-02   0.000E+00  0.000E+00  0.000E+00  0.000E+00  0.000E+00
 283   6.813E-02   0.000E+00  0.000E+00  0.000E+00  0.000E+00  0.000E+00
 284   5.623E-02   0.000E+00  0.000E+00  0.000E+00  0.000E+00  0.000E+00
 285   4.642E-02   0.000E+00  0.000E+00  0.000E+00  0.000E+00  0.000E+00
 286   3.831E-02   0.000E+00  0.000E+00  0.000E+00  0.000E+00  0.000E+00
 287   3.162E-02   0.000E+00  0.000E+00  0.000E+00  0.000E+00  0.000E+00
 288   2.610E-02   0.000E+00  0.000E+00  0.000E+00  0.000E+00  0.000E+00
 289   2.154E-02   0.000E+00  0.000E+00  0.000E+00  0.000E+00  0.000E+00
 290   1.778E-02   0.000E+00  0.000E+00  0.000E+00  0.000E+00  0.000E+00
 291   1.468E-02   0.000E+00  0.000E+00  0.000E+00  0.000E+00  0.000E+00
 292   1.212E-02   0.000E+00  0.000E+00  0.000E+00  0.000E+00  0.000E+00
 293   1.000E-02   0.000E+00  0.000E+00  0.000E+00  0.000E+00  0.000E+00
 294   6.813E-03   0.000E+00  0.000E+00  0.000E+00  0.000E+00  0.000E+00
 295   4.642E-03   0.000E+00  0.000E+00  0.000E+00  0.000E+00  0.000E+00
 296   3.162E-03   0.000E+00  0.000E+00  0.000E+00  0.000E+00  0.000E+00
 297   2.154E-03   0.000E+00  0.000E+00  0.000E+00  0.000E+00  0.000E+00
 298   1.000E-03   0.000E+00  0.000E+00  0.000E+00  0.000E+00  0.000E+00
 299   1.000E-04   0.000E+00  0.000E+00  0.000E+00  0.000E+00  0.000E+00

 TOTAL             1.725E-02  1.356E-02  3.172E-01  7.363E-04  9.982E-01

/end of file/
